39,5
38,6
38,2
38,1
38,5
58,6
58,2
58,1
58,5
13,59
10,17
31,6
31,2
31,1
31,5
32,2
32,1
32,5
13,23
50,1
50,5
56,2
56,1
56,5
55,2
0,406
55,1
55,5
54,5
54,1
36,5
36,2
36,1
16,7
13,129
13,128
13,72
13,70
13,67
13,66
13,65
13,64
13,63
28,2
13,62
13,58
10,14
13,56
10,38
13,54
19,10
13,52
19,9
13,47
19,8
13,46
19,7
13,45
19,6
13,41
19,2
13,38
19,1
13,32
19,5
13,31
13,29
20,2
13,28
20,1
13,27
20,5
13,22
13,19
14,9
13,18
14,2
13,17
21,7
13,16
21,6
13,15
21,2
13,14
21,1
13,12
21,5
15,9
15,2
17,8
17,7
17,6
13,11
17,2
12,6
17,1
12,5
17,5
12,2
18,7
12,1
18,6
11,6
18,2
11,5
18,1
11,2
18,5
11,1
13,57
10,37
13,44
10,36
13,26
10,35
13,36
10,34
10,32
13,30
10,31
13,55
10,30
13,37
10,29
13,60
10,28
10,26
13,61
10,25
13,24
10,24
13,50
10,23
13,71
10,22
13,33
10,21
13,42
10,20
10,19
13,53
10,16
13,13
10,15
10,13
